pi to 1000 places calculated with operators:

3.1415926535 8979734535 9883212981 0220233562 9357161971 6561762046 2595929211 9206825053 9971114907 6325693985
  8168656417 4655096656 4946873880 2402811873 5405004957 4243523410 0759961782 3019582121 3262988118 4837181922
  9841722313 9164752853 6549633077 0006303560 4046927596 3582082417 4467721361 8749132077 4706465199 1867098522
  9783864980 3650901584 2075675630 5576296879 0771462254 8183972456 8159793261 7466240292 3017948980 5747100435
  3373404030 9581693075 6985340774 1307186920 2609460628 5044751288 6998958399 6497478789 8406185980 6152533534

  8638459177 3223536309 4370147374 0074978603 4247954095 2252771443 2157104664 0020712728 9448740652 6278665699
  5028244141 5916564896 8645343664 1451639044 4296710336 2530881701 5332175193 1989789751 9821513785 2125522988
  5602969680 7609830263 2453022613 8833316820 3623243688 3172700575 6992965071 7174404862 3757074977 9613453305
  5510680776 2418072479 3994611345 6177371174 2775190836 0581424668 0197552250 7668378959 5490438937 0482369350
  2828417190 3802360277 7769923917 4140527844 6964265738 3557201729 6976026644 8273297914 6836219998 36512297

  Elapsed time: 2 milliseconds
